5182
10131
12139
9650
10175
18383
4910
13290
50
12153
962
6665
11848
13149
9029
13716
14165
7912
21625
7532
4853
7312
1533
773
13658
22393
7625
31619
15534
3043
12205
323
11176
19032
10078
4791
2080
3241
2855
12615
12896
17061
9874
8742
13790
8276
17669
3203
14370
8696
6327
1792
9320
18879
10660
6299
2782
9628
18334
15450
35146
231
1865
793
11290
21583
20930
14885
4576
10420
22882
15783
13920
8460
8511
607
9668
15212
13117
5143
4621
24621
3395
14863
17371
5330
9633
8604
6498
5149
2421
12832
1261
5182
1763
8786
21798
15465
29559
2092
828
10228
233
4203
21242
19047
2476
16822
7359
296
219
9619
8317
27857
7672
8981
5932
9754
437
11432
10863
3235
10193
2561
9196
867
7382
8917
21667
4644
9212
8925
1498
1785
445
2792
9531
10219
2683
15895
7107
7437
6042
15338
13210
2226
17065
11838
3046
15176
1097
301
3877
3924
9662
12923
2202
16596
4880
9638
12621
20602
7617
14905
12040
14949
5481
6924
11920
17383
5897
11540
12100
22557
10211
2863
13324
3654
3820
981
383
11522
1746
11622
9632
10484
20239
7924
12532
1567
22420
10957
17945
32791
9821
1876
1896
25405
14953
19761
4178
9644
22397
6401
6887
35627
12278
6658
6347
1063
7136
25416
10874
10843
11221
20300
11365
4435
1159
18848
21030
13940
12775
3423
14615
7072
359
12093
11628
13651
9773
14678
12185
4554
16416
6858
8504
11465
440
14445
10630
968
13685
8364
4688
22111
10101
2147
154
14267
5104
9782
918
2113
4577
12963
21056
30313
953
20268
11363
13599
8764
5159
6940
16143
18365
1930
13907
13622
3927
14258
11741
2420
775
17761
755
11099
1166
8592
11270
9124
7102
330
16500
2221
2857
2995
15001
9305
13105
1106
8848
9178
737
12858
23268
7329
8567
16087
2957
4653
18851
5842
15025
18222
4465
4889
7526
12753
15568
3808
9015
15327
3169
1113
2182
6234
9782
7158
16471
12817
9031
18364
13479
9496
24709
8938
9432
17034
23213
20452
12643
8631
1532
22449
5218
985
14854
13873
5542
22849
228
4691
8745
24134
35388
4922
6284
16387
9798
14216
522
43
11260
7684
20130
1027
12121
351
8915
16577
13605
17201
19407
2697
3946
21217
9295
4123
18083
8426
8524
16573
940
9592
17943
13712
2893
22419
12373
21925
11022
14138
2350
10680
12172
2154
20280
9708
22098
3109
7706
4732
11853
17687
18038
11183
14301
22044
7007
2130
14874
14026
9441
1097
15742
14348
8426
1685
16019
7077
2996
3208
11128
2867
25435
22609
15788
13610
3474
12266
12960
1809
12104
16543
6219
14313
8740
20222
12158
3960
13375
17841
15079
6830
2301
5346
555
17990
7006
9901
4357
14045
13010
8270
11258
9642
7525
15637
14868
15750
18859
6160
2045
7376
7655
24540
13286
14096
10535
3963
1027
15674
13978
3500
12505
6423
4803
14190
9645
13672
1893
12900
11421
1108
11942
3170
1118
11343
13706
35642
762
1057
4991
5226
6026
5975
1530
12083
23284
9348
17600
14521
19973
9260
2946
1973
6701
3061
14173
14291
15396
326
16615
12416
11294
1824
12462
16666
10825
6927
9283
9167
447
1436
2413
21064
2301
5808
8780
6865
12097
3291
13979
17397
5507
15431
13271
13963
12742
22779
9761
12625
7392
16631
12827
30322
15220
20765
9040
4632
9545
244
7114
4396
5427
11608
20221
6940
6604
1755
12313
19636
29365
9740
3911
10408
7784
3427
13396
14911
858
9598
16023
9982
8028
372
11993
1978
10552
20401
7921
445
5836
6633
15331
9685
473
17236
1783
4944
4542
10442
17481
25035
17258
6031
2119
2004
10979
10705
9631
15670
9484
3030
9869
4333
867
263
9037
9260
7028
13097
16897
5207
17464
3960
978
7272
12301
12505
10529
12765
16887
8592
299
14437
27
1552
25814
2263
3524
3918
2276
16554
6232
19091
3912
236
2702
530
6852
7171
13675
10246
10942
16263
8430
11052
35792
14718
9733
19892
6614
457
4800
15434
9884
5846
23750
1836
3915
5212
16442
13259
540
13762
15962
17023
3277
8721
4573
1933
9686
15373
8985
19487
1521
2579
8438
10946
8927
6667
8691
17472
3155
8549
6916
394
1184
7863
20974
404
8404
528
3783
14205
1317
7182
16475
17258
1291
37707
18998
6245
4625
13429
4783
7519
4738
6169
22163
842
4169
12359
12737
15024
17003
1589
2479
6160
6693
11112
13117
13302
9660
10761
12225
6932
8615
1775
8442
16222
556
4211
1946
2980
22134
544
16317
2738
14237
9199
7418
4616
10482
11779
35676
10852
17542
16247
1138
8832
12485
573
14242
26508
3828
9190
1528
12375
116
13526
4232
7316
16324
1207
5892
3763
1879
10804
8103
13776
7752
10881
16761
2201
2957
5000
2731
5791
6994
8524
9569
1467
8983
9254
11037
17609
9397
20836
11332
6879
7060
8013
8042
14171
4767
1801
22495
1482
4740
12503
6482
4581
727
1623
7137
797
3173
6644
453
13353
6468
1334
943
11334
30595
8619
11859
14437
20398
12002
3928
6791
7958
20497
7159
22130
1512
13849
15061
9222
2332
13196
7657
15940
8619
9271
6655
22719
17877
11364
9790
16576
12580
4582
7449
574
10959
1572
14392
22844
7367
2707
13933
35773
1053
13357
13643
18973
4079
20953
13315
14758
5881
13733
14320
11338
14779
10810
8364
4268
29683
15379
13725
14351
7673
7059
2336
5144
8695
19624
15426
21793
14013
9946
2647
390
37944
9449
11541
10707
10622
934
23120
9642
11500
1218
22315
15788
10121
2983
6730
1208
6308
8616
2757
31018
18726
10898
12474
18623
8715
15050
2398
15298
6946
9715
9392
6267
11401
523
9203
12277
22987
4230
791
12143
11304
1969
6583
8340
3991
5526
10291
5483
17673
20090
8239
15052
11135
13924
947
12383
17381
7101
4301
9785
10161
18145
16301
16000
252
19852
6015
7379
9185
11790
3807
2006
20569
14951
13546
12230
3962
22391
303
8885
13635
19436
21668
4981
19019
2927
9645
4339
9253
12386
34868
19148
3534
12426
17498
9685
12182
742
5589
15422
8100
9450
12987
6105
9986
9678
477
34577
10348
11945
13867
344
18331
11060
252
14566
12359
8769
1857
428
12659
26560
11142
1126
6745
4699
13158
4196
2771
15174
2548
6121
20574
8045
1267
20753
6868
20067
2588
7666
15380
5865
2274
10888
14127
15274
9520
10741
24629
3473
7888
8230
15730
15380
3553
6148
15600
10487
14900
17279
12210
13188
4177
9975
487
12820
15189
9471
12509
23330
12877
203
1487
9798
23652
8141
9621
446
2785
12681
2495
2100
466
9821
13546
12685
14263
10255
7601
1647
8805
1954
2717
28532
12971
15383
4048
16298
6813
22395
16297
18861
24452
2732
11406
6972
16611
6863
15924
14905
8881
15066
7473
5365
6153
226
12331
276
20277
14783
16099
15088
1494
17262
17603
15220
8232
3898
4330
16592
4179
4259
18541
25011
595
14471
1217
3432
260
3375
1716
21990
1262
11191
1730
10430
16363
4442
26714
37653
11769
11277
2472
5614
17945
7550
401
82
13371
7181
2268
16408
18210
18290
11868
18911
11415
8410
17168
3765
10491
5302
19994
24392
19546
13928
6374
3622
10798
3957
7000
6395
11107
313
18603
989
3635
12212
10063
11941
3800
8077
6006
22842
3238
8333
5082
3428
6607
8083
4198
10569
5469
3340
5298
4399
14427
456
4314
1890
7070
8671
3176
11748
6740
7009
4401
10141
12293
10408
8848
7189
7363
6411
9613
10204
594
648
15214
16740
3857
8632
9929
4732
9023
10037
27720
14589
13565
10509
2218
4666
18587
11241
9064
10916
8695
15814
21295
16045
14731
7780
87
5131
748
3203
21920
14435
19546
8092
15034
5396
8759
990
16282
13220
17440
15202
1499
12754
5124
16967
7849
3022
352
7545
10352
8507
4893
6885
1544
2617
3491
14575
16818
3036
9577
19713
5128
4845
2270
8331
22881
6868
11915
10308
10567
197
8370
1650
19800
4667
13022
17860
3758
11766
10651
2622
3574
17589
25077
13739
12445
304
17728
17331
4865
12752
11400
2118
4281
15495
1174
3838
3286
15277
4154
15686
1809
4016
5233
21917
11700
10888
4363
563
9949
13412
12370
9852
9993
17596
15902
22915
12397
11457
14933
4662
9004
1518
802
19483
9364
16074
9984
7347
15941
17689
22128
16991
17744
12204
4934
9056
8486
19132
1549
18028
16825
966
5601
16255
13365
20186
5003
23129
5742
10339
19876
4801
2524
10855
1629
8996
1568
17854
8086
2450
14626
15034
1976
2226
16214
4759
1421
18745
11052
259
10640
5497
8140
13327
4350
1595
14665
9340
3847
17293
865
579
59
14923
12717
3997
15833
6554
16705
4156
17557
8810
14665
19976
13074
4419
326
10889
12731
21698
797
666
9219
10035
5042
17451
4610
2880
15472
756
15323
14333
14118
316
2142
14218
527
1740
8482
14023
8461
22685
16485
19557
14456
16471
7313
9921
17921
3071
641
1623
16305
11751
15017
2493
9189
23055
6610
915
6652
2481
6331
2747
4297
14881
1526
15424
15186
3372
3216
224
2221
6410
450
5629
13480
2869
32386
7154
18859
26291
6856
12019
1570
20755
2654
25794
14710
14481
9621
12061
16217
3714
14304
21552
13835
22009
13050
8179
16153
3152
22344
13915
3793
2741
11726
3256
5646
15797
9726
25210
7348
15836
9532
4781
17373
16443
21687
12289
3920
8331
16891
12504
22949
6094
10904
4762
21177
13628
10421
9135
13138
11597
7448
17652
3441
9404
1283
6889
6391
11559
9199
6330
1029
3531
3004
5341
15407
22788
10452
17254
14313
22267
26092
4548
15518
11443
617
5345
8492
4663
17618
13432
1630
1821
29408
8441
12276
1565
1296
15582
11284
17123
1030
7588
746
20643
2743
1752
9804
565
14657
16087
19281
14370
5100
4750
3596
12634
23281
21365
13424
21283
27246
17110
35380
4602
13187
13895
9554
3145
5971
4011
16975
27068
11165
14943
17143
2766
276
11363
12631
7879
5622
26557
13137
3856
13187
1864
15044
4049
14596
20051
4194
11234
24073
13282
15298
16481
4110
33285
7712
14223
565
8596
11376
9301
11485
5268
10040
1894
1460
218
6750
5180
7186
3893
10692
23075
3252
11151
11838
10012
8252
9430
21846
12462
258
6220
868
25801
4160
9970
1301
376
17086
8283
10807
4094
34973
26127
1107
21531
13613
4218
21902
2228
1839
4019
275
7353
17860
3104
8608
12015
7732
24377
353
16675
4883
14474
10125
12545
20151
14959
2460
7751
8220
18755
7647
12204
19818
13472
6472
8404
4200
20864
14350
11638
20983
13215
18218
9602
8711
14334
6504
8661
21535
12029
20433
7239
11366
1473
7125
8371
20590
15010
6011
11348
13109
1976
13874
1224
22110
11721
19442
10138
6824
1547
24332
25424
8277
13433
16958
1725
17430
11638
15099
11587
23792
14864
13227
1017
4246
11089
28734
13506
9749
13873
8607
17641
1095
1689
16868
11184
22153
21895
12702
16683
14445
10774
22189
15734
18020
17655
7957
19724
13948
14532
16191
22255
10310
18539
17823
7743
16476
5279
6054
2067
14222
6322
15869
11593
10216
15971
8975
2334
9730
22904
6721
16501
7684
8880
6758
10007
28289
14063
18290
5278
7050
2057
3065
697
18035
12693
11279
11623
3559
1915
3200
11163
7267
4529
5168
2695
5207
2452
1120
21381
11076
1399
9005
4623
4577
2697
12351
3255
2616
3428
300
12274
15064
3857
22075
6591
2537
5394
18463
3830
14173
6019
12883
570
11087
4665
6444
7012
6782
6271
1314
22422
17349
605
10218
5175
6498
20405
5282
6328
6894
35801
1296
8360
1837
16344
1375
38003
4566
12595
8268
4073
253
15545
5683
21258
35663
13187
2490
13394
14549
8281
4159
17454
18660
38179
13714
9940
12265
23340
11702
9549
25558
9329
13775
8292
127
14871
11873
14791
6265
6731
15738
1214
11829
15297
15634
16660
11289
4291
17049
9669
5969
3460
14827
2604
10882
4032
21240
22869
12708
3736
6143
10447
14260
11775
12097
2830
3329
751
12696
35566
891
11305
17178
27446
14495
10448
6227
1367
8776
999
19505
14562
966
2782
11184
5379
9009
13971
1133
11981
10016
10243
8872
12465
15360
23033
23971
4179
8148
4522
22087
17223
34656
37748
14346
1189
8444
1784
10440
14938
16162
2469
5339
5651
8842
1247
16919
5098
7106
3555
8488
1358
4339
3758
9376
14029
14933
2577
11835
18697
5491
38027
23877
9686
14995
19314
4410
10303
26861
13989
9487
9126
2802
23084
10382
16712
10375
17623
10233
20172
10899
7857
19612
13183
6895
1051
11683
14745
8220
8668
7403
10822
17034
24712
9828
12342
4400
6768
1735
19038
13227
1434
4221
9564
24033
5511
19629
19072
5882
18320
1744
14793
1600
7080
19207
8487
7266
17882
12222
2231
24151
2271
893
7130
1146
14744
12687
14163
7945
2053
446
6465
8263
9481
1739
5394
13413
11902
13754
850
2354
1823
13410
10650
8673
14817
7172
2650
22907
8195
11772
12168
15519
9311
14864
3366
13583
35399
3372
644
16331
3955
12965
411
17589
9025
15610
12015
30389
11719
6498
4938
9787
6182
4967
19255
5082
9847
24835
7771
18100
8155
4098
15801
12952
13215
8970
15160
13224
16560
18262
18935
10041
5003
1239
15576
3359
2614
7279
7881
7908
23451
2390
7054
6889
253
12198
3430
742
15815
1483
2216
11212
21784
167
20634
12856
22300
13618
1058
1603
5600
4344
9184
12974
4087
16081
3242
22152
246
14400
11642
14751
14677
1989
10520
3401
9393
18895
13572
21004
1780
9527
1297
9794
6163
19971
18298
15094
15732
12255
16114
1419
5795
15594
13833
12034
19109
14293
8312
17094
16196
16145
13715
21501
17675
5112
14833
17626
21975
13535
15450
11531
12967
570
9561
16124
1559
13504
3228
1772
9660
6649
18879
20040
16594
14544
2895
1121
3085
1838
10479
2706
8793
9857
10577
8945
33681
9072
22854
15283
21290
2823
15744
764
15960
8790
231
10755
9401
4885
21207
15869
12737
3912
480
4530
7927
10587
3767
8156
28400
1423
4120
2715
21676
21518
14231
21317
14794
6173
11177
10602
10566
4401
8708
19836
16514
29858
12986
14580
3555
21758
9552
10734
14193
15319
6922
1029
289
9758
22975
13488
4549
22856
4658
12771
18638
1386
21468
2947
13468
9725
9798
2544
10171
1580
11810
12717
6309
15255
7524
12105
7223
3535
3993
20946
35423
13566
17829
2968
8826
13272
9684
14862
11941
1685
1358
1735
11311
14439
14764
29006
22677
13844
2676
366
9808
4526
11985
1336
20231
2801
519
12946
996
7386
1369
10060
9425
15862
14251
15084
14782
15615
14260
10933
7177
3501
10557
4808
6385
8693
4091
13332
7438
6949
24716
9052
9689
9757
15754
9616
35717
1185
2109
4467
13253
3813
15252
16177
14502
6948
11892
9657
7395
15317
7670
17211
4525
28638
7717
12008
9181
14404
7291
14377
22293
299
9855
862
6798
20418
22491
17090
15076
9885
7571
14573
21396
7118
8136
19344
14466
9217
13689
17421
10200
156
9011
14564
18527
15184
3184
8211
14994
8293
8387
19920
19998
1489
23040
1425
4277
11550
17750
5042
9848
5854
159
10710
9141
5116
20566
4992
17174
10731
775
3443
2260
4249
20011
24334
8218
8396
4823
366
6278
12980
14367
182
38206
17814
2149
18794
13887
16306
2248
5478
13641
11394
4012
968
15083
19078
16383
3651
11374
14458
984
12833
8591
6269
14880
29499
8625
1172
431
2536
13403
12920
17105
18024
715
15798
7193
15312
976
777
9739
9553
716
19960
12564
993
22286
3623
733
34659
10005
1421
12653
3696
7978
11989
1842
25633
1430
11247
3629
397
2389
11061
3684
15350
10447
16684
319
15481
5980
8377
2740
1760
13070
12683
10213
2765
13063
5884
17018
9393
22603
16044
501
9743
17417
1563
318
9182
11615
12549
7256
6430
5098
4005
18087
22034
18038
2010
21237
2303
1318
13559
1121
10216
16825
4862
13154
12291
750
17307
24797
12838
14397
16108
1041
8500
13839
15724
23947
5801
286
2255
12415
18767
3995
18468
21718
3778
37168
9476
4420
16873
1464
9923
14796
14240
8807
2783
11930
2920
10080
2186
3670
11528
22501
22181
11109
9139
8165
11809
6167
5936
14941
4828
3781
14885
2598
17393
21182
14811
37818
4734
14665
18894
4147
3716
8823
15869
9333
999
6282
12205
2310
3721
16299
11496
7408
8887
12066
11759
1749
224
15729
10921
3473
1431
15293
3297
18411
18818
683
16655
22028
1322
271
13341
4784
24382
11124
14199
12796
20108
5901
293
4379
4221
20551
13001
13808
5838
13815
11167
10487
11533
11279
1987
12513
20436
2711
2429
17586
295
23903
14369
14180
8776
17343
7175
15229
8381
385
2140
3408
14251
4334
29213
17962
8041
20407
12387
28426
4677
4457
4846
16556
14083
9936
14746
6915
16123
971
3408
4600
1516
8619
6231
11074
11725
10535
21801
245
9028
18306
16699
17017
13040
9985
14338
237
4162
11881
14332
13834
14854
4399
16289
25551
19825
3539
33089
8119
390
187
7309
14145
13373
7390
17434
14944
847
17144
1063
12267
12109
12137
22658
5558
10327
2233
9331
13603
30164
18704
11574
6624
4156
18602
13697
3879
2862
4760
17368
12855
3049
5383
4887
17152
13914
12533
8999
12158
2392
2134
13195
2122
16814
1834
9317
3481
13757
15341
17999
6799
14823
20797
5139
8997
25570
13525
4953
3554
11647
3775
22562
6881
1823
13358
16582
1152
12322
32165
7422
20887
12330
2123
4198
25642
8254
1379
38107
7881
9344
352
4771
9135
1001
7064
956
22870
18861
3593
12793
5647
3200
8886
5378
4501
13246
2068
11561
4680
12685
4018
11506
4302
15293
21638
6578
2806
11818
5208
4775
6862
10932
8860
15001
6092
13465
2335
21833
35248
3368
16047
12883
516
16254
378
7579
20856
23150
5859
4232
169
12714
3439
10933
19580
2723
4217
4949
11426
4406
14516
18458
16328
12196
15267
14336
1435
7751
188
18804
21698
3005
1507
18023
20010
19401
11967
6653
8258
4029
10342
17793
787
8709
2265
5931
21730
13505
1493
11870
23404
17898
7806
12208
15255
6550
19984
12053
10765
2174
13014
7105
22288
567
5519
8527
9686
17309
17749
12147
3995
11947
21036
992
16839
1704
1972
12212
22794
12473
7760
1837
4221
17661
17192
19678
11948
926
8483
14853
2084
15815
21222
8924
39136
9319
16287
23496
25866
4387
20276
23356
2365
26046
4609
17430
3258
2580
1037
871
12485
3906
366
7681
10456
14634
1981
12556
4543
9025
8470
4305
11176
8382
948
16157
8558
1763
27954
24676
5158
7485
17458
9846
1839
6341
11763
9145
6069
16258
19251
2279
3912
10597
21265
12805
10220
17485
4535
13135
1872
11777
10296
4918
7984
16091
5055
16775
2865
15220
2611
9053
13356
22526
23118
873
3894
8930
3983
3266
2843
4489
9217
3031
3061
17920
1905
12768
14851
9950
19695
21762
27345
11427
15302
13690
2072
16638
1313
6402
1706
9713
1697
25989
5132
22773
12993
39208
2406
15166
17578
1498
6687
18822
8508
728
26072
20275
11866
5605
2136
7310
25532
13190
29770
13860
2545
7483
22781
4247
11412
9431
4435
11820
23149
4166
13676
35907
30736
19285
4026
15390
13438
7953
7596
11159
16473
5441
25063
13179
9357
23169
12535
13741
16486
8824
17909
21511
16262
9294
12766
15842
12235
25788
11532
13212
8113
8994
11159
892
6194
16300
7364
11763
7636
22599
1858
9227
14566
14447
281
19402
445
1479
508
12845
19300
14715
21872
9629
1353
1005
5939
22711
16877
2747
2939
4783
3021
14913
2142
3892
6405
2081
26500
11326
12074
14805
12472
4631
3446
4458
13521
17932
10235
4001
14437
981
12096
39325
474
11693
6199
4548
3835
9932
14142
19737
18056
12587
11126
13041
11902
26275
8305
13258
3560
20010
459
14709
14456
7148
6885
32260
12848
8265
809
8276
11439
14712
22369
3155
11321
209
15507
17823
2371
5152
26422
497
10808
10043
5557
11393
9752
871
2531
13318
18706
21743
30284
18770
5945
21890
16952
15605
30539
4546
14067
14006
23060
8646
24288
23096
23587
378
17667
8622
9628
8988
538
184
1143
3729
8476
929
16508
14079
9843
12564
7226
20741
12899
3602
5054
19423
8707
5083
9768
1608
12093
15091
13649
15832
8440
1599
15162
3688
4497
310
10524
5194
17879
13403
1185
3676
3237
8280
8472
14306
15138
12182
5859
1342
14191
25856
1748
3211
21278
17107
14341
16119
18936
11681
24102
9439
2450
74
35213
7119
15625
1951
14375
19665
4244
1024
12945
12814
1786
7489
12588
10913
11865
25233
8843
4541
3383
6535
22429
19713
17146
4364
4293
30433
5978
14122
19713
9785
7284
12594
16371
3032
4905
4690
18642
390
8687
14158
6719
13827
13501
13925
14777
22459
7216
14968
21002
9457
6100
1666
2615
29383
13377
380
15864
17270
6732
22661
4404
4677
3082
6797
12953
6656
1721
10353
3174
11702
1860
6048
4595
1998
2943
9144
1934
40648
10123
42348
13978
14942
15689
10019
11198
5289
4603
17042
8720
7332
516
6981
3342
3910
13904
156
12368
9312
1633
2147
12111
19088
15536
18067
14836
4333
6301
8859
1800
7882
19271
20901
3111
4599
6742
4663
12010
23821
12595
16615
6801
17005
7723
4534
770
812
22760
9916
10824
22735
2938
12603
22114
4607
1589
7903
1168
20843
12327
24655
1376
8303
11185
14271
13215
3691
4463
2947
9900
16594
15426
15050
18090
23611
4147
21295
13359
9907
13414
925
11039
142
1018
12877
1221
10916
3574
21223
8198
16061
1202
5907
10530
18234
425
8809
16995
8050
921
6020
5380
6929
863
1155
7764
3868
2056
9088
2974
15438
8692
4280
24965
3634
16353
19170
14601
9631
20589
39045
11689
26293
260
9100
1157
15699
2372
6009
5327
22861
9128
11899
413
9415
15908
13039
1672
653
11418
13339
15100
15259
26305
18039
4738
1957
13706
4560
4600
22420
22420
8431
18741
2883
15032
7660
15088
1826
13954
7290
33696
3384
14690
15382
14585
20658
20245
12528
12732
12505
301
17384
1766
15058
11219
35766
5310
12746
12415
3725
4914
13177
13418
5860
7886
13823
21638
12282
13570
23829
6220
6284
765
10101
240
8830
4311
20989
18330
21317
9670
2508
3623
12471
9836
6550
17080
3794
9908
9274
16314
1486
11656
23865
11806
12788
38808
26323
12135
1368
15551
8703
5778
3534
13310
1020
12568
14091
7262
11501
13076
10739
15770
23230
25709
18179
17409
11007
2494
23315
10031
1965
6130
395
12036
23643
11427
10845
3984
5445
3502
534
9997
15798
9221
15206
15802
13893
7836
13133
14084
21647
4644
14134
624
3969
9038
12225
19559
12687
2619
5092
1060
12603
8630
3021
10359
28650
19359
8416
4551
9416
8122
4742
271
9020
15767
270
2614
281
9785
6735
1651
13252
9339
18431
9821
23337
5267
10212
21329
9631
12512
13245
18297
4881
12150
3473
6215
2567
19296
9895
11643
3444
5827
5611
2415
2377
10123
9955
8776
6068
30268
3611
9917
38396
11124
11941
12397
9549
15481
7720
1516
4212
11344
9485
15179
1407
6877
11222
3703
9597
1623
368
1632
10802
10989
9276
1270
7283
3728
1504
8591
5805
1987
4628
8244
16079
16522
14399
23359
14548
14177
1778
4970
2075
13237
15388
5809
8518
12261
10706
15252
21364
2342
11598
7077
7535
2984
8548
2490
13261
9476
15862
14107
8682
3404
23182
16929
9021
18155
2472
2901
7059
24277
22296
10663
10202
11659
37398
17658
13076
927
20064
928
19089
13502
14865
21230
12542
15416
7350
5307
11210
12927
16861
13602
11481
3121
2551
8036
5476
11605
21361
1511
1401
4091
15626
4448
20041
16504
5745
6410
2983
18094
12519
10920
6289
9957
13170
13572
9258
15230
24205
6288
9083
22797
26400
15274
9261
4928
14841
14455
8073
2560
4062
7319
9665
1855
18742
16526
28375
34894
6336
1792
4830
12935
14301
1030
23066
13178
16513
12754
19419
22567
14910
12584
26358
7738
26073
9070
2112
4756
14369
1899
19422
4188
24649
1180
22800
1299
1266
7002
11583
9921
8884
14547
2760
7121
14950
888
19059
1375
4141
15396
22911
21074
3218
7537
17253
23364
9823
1326
22353
310
18759
8365
8305
5183
18601
18945
10643
7995
2416
15443
17678
197
13838
9699
5060
24694
24592
14271
19192
3760
13594
7394
13693
12409
2813
2204
23117
13715
1054
8647
9626
2760
877
11361
14986
9511
4323
11453
23659
24624
17967
7396
16475
11136
23875
9753
18615
6991
617
5061
5924
21541
21609
11908
15430
4041
2241
4280
14930
16852
23597
3792
8272
12056
1502
721
23633
7433
2562
9256
13225
15277
1570
1381
23386
168
18858
13180
9438
4539
1066
22830
20820
13870
24218
6768
980
11100
9909
19004
14126
8028
22166
14745
13830
11316
101
15109
11795
9067
23045
792
23492
14453
23238
13841
22174
1128
18155
19928
19632
960
3895
4605
14673
9688
12021
7283
16572
3191
5944
12806
15087
15722
855
16321
1945
18005
4308
2719
35898
13959
7715
1695
1640
9133
21022
8281
9472
7466
990
13757
15280
506
865
3399
11244
14547
17075
25623
1310
12221
5988
2853
3705
27050
314
2556
16106
14904
8817
5212
7078
6199
13238
11650
13322
8828
910
7543
25131
15843
23459
9360
12008
4914
10951
81
8766
10683
10637
25852
14915
13452
12164
29112
13514
13627
7891
35212
13220
5403
8999
22189
26055
9767
8249
2214
17205
8257
17685
10797
10796
30880
22524
6231
9196
8991
21503
9718
8595
30890
816
540
15713
17071
13271
9070
20204
17082
1358
1355
8813
2363
14019
1629
17151
6870
19014
7455
4244
3259
2245
12928
22145
9747
710
14955
11231
4532
23052
11064
9093
8443
15860
8048
17863
17584
22143
307
12791
6631
12417
13085
13506
23133
17395
11490
1675
8572
7553
23270
3366
3085
15159
15814
14799
12813
11399
9886
4166
1331
10518
10588
17405
12665
6910
12369
21689
3881
11091
17243
1302
3174
8393
18909
14657
484
17050
6491
18252
3951
1739
23022
15376
2879
16203
4768
2306
6954
12544
194
4972
5546
10577
234
11531
22087
8888
20787
8567
16132
6913
1682
12279
3177
10950
13811
8552
1920
8557
7260
13255
13716
22051
3747
13298
7182
8539
6706
9659
9705
4392
17077
3324
1325
4288
10427
16422
9437
8956
1548
10313
15011
22653
9380
18239
5424
14080
10291
11474
5656
11009
23874
14453
2942
14896
13794
8887
6134
15503
1670
7048
23933
2000
23868
3753
1829
3397
5832
16661
18053
13143
16183
11705
15048
1791
5656
1672
654
6325
11458
15844
3829
928
3875
7384
1492
13812
1813
6381
9468
20020
11228
10330
9645
17644
10416
8159
1892
7733
14924
10319
6308
27728
8512
8974
23933
5892
1450
10981
23132
8414
14856
8795
357
2742
12099
15377
15699
1662
17717
8393
13021
17165
3472
6627
21877
4105
328
4521
13120
13426
10698
7367
10043
6740
9137
10787
5346
2855
14703
23221
10978
8537
9630
5112
2344
14675
4903
7042
9227
6112
15545
14152
16850
11291
2637
5537
12155
26616
3359
14268
5785
7740
11856
13572
11916
4984
747
18234
16305
10474
2613
15976
11071
7053
15632
9037
3585
13640
4282
3093
14766
3115
13069
742
7394
1737
14158
29733
4855
22528
5060
12187
8099
1735
15974
19878
25131
19294
11383
11077
11403
8903
506
20093
10669
236
9784
3312
12674
8593
24246
7516
5447
19883
1929
14441
9109
2254
8917
25122
8337
20396
420
477
8655
8509
7732
111
21370
6727
4283
21094
11974
1410
8084
12982
17267
7606
6327
2363
9088
2007
1438
1096
12540
27712
2329
18523
113
8842
17098
15280
10898
3723
7791
12411
10381
3252
1879
12408
18997
19928
18573
6527
1201
9537
6805
11917
16866
6153
3931
1517
12384
1020
7680
9357
9412
7940
7875
6940
36271
14671
23198
16426
10638
3737
10850
18438
6040
926
5067
3823
15523
4598
14541
20397
19477
4159
23750
3105
95
10588
20118
6409
4131
925
4729
874
17908
7226
9439
6373
15753
4972
3535
5447
1683
1762
2043
3012
1066
10020
2174
1852
761
16021
4530
1613
17102
18058
15461
9230
7931
11869
814
15633
11624
18733
7420
20648
12039
1045
8241
463
11891
13942
8573
13314
4535
20687
7010
2138
4854
13100
4742
14635
14092
16222
24939
6648
3864
13311
8352
7055
7097
13937
6573
6904
4258
122
9604
14427
5511
7110
1726
4841
4784
11100
23840
16805
12249
6401
6961
2391
9528
8626
13037
7753
2368
15405
16939
13229
5320
4714
15819
12638
12870
999
1031
2739
16190
29994
4589
14892
7352
10191
1093
26010
10916
20889
7299
10372
863
5476
12416
263
1475
16629
13487
14661
15492
9855
5091
8994
9770
10520
10419
14949
14454
2821
8918
2115
1519
20432
5539
19427
15689
6536
13425
7277
11450
11214
17209
605
22775
7422
1717
8253
19394
17735
3643
15823
8307
1153
17270
13449
3354
21679
3735
10945
5820
6649
10121
7158
3250
615
8916
15882
2952
4461
21875
13756
304
16900
22783
3416
1517
5263
25964
8321
21626
8822
18616
10913
20695
15884
14631
3977
10691
12560
3359
22327
7365
980
6104
13841
3189
1333
4337
3292
1858
14601
12655
22936
7626
16200
8145
12326
6449
13771
3654
17226
4176
828
20301
16047
24967
1741
13050
8331
9153
14765
3967
17544
24533
643
16051
11945
2594
6199
979
978
12796
6272
11145
4980
22784
1217
1549
23001
4385
10473
10990
22281
5220
6444
2691
27225
14313
37063
11791
6579
1359
2973
332
20303
18638
22835
18642
4656
4678
3084
22918
4874
8302
11825
6902
23288
12260
9013
14402
13168
13864
15892
6129
20391
20391
2523
5002
9651
15891
18377
7250
17596
9266
2444
14150
2806
24895
17626
9848
15013
5542
2651
14035
4553
13131
4795
12736
4027
4300
1036
11231
2772
22559
6967
16160
14686
18082
14009
13463
23138
17222
8862
10913
12959
11597
23905
26113
16171
23569
961
11305
15926
5142
13854
13702
8879
13081
16418
4670
6073
2742
16946
9475
12891
6636
9259
1027
1293
12358
22259
1064
9396
14672
13348
1573
23544
21500
14929
4659
14864
44460
1143
11302
4991
11275
15139
6791
12573
8357
3815
11968
8144
17273
25291
2147
4620
18924
6877
10001
13549
12307
10831
4669
4244
18738
18627
12640
9744
6846
8301
3366
9415
12501
9217
4809
19749
12389
1014
9595
2006
24138
11590
7658
9777
5590
16277
13527
21414
29295
17618
10846
2396
10346
1441
766
3185
5358
14374
10193
1175
6893
3547
2455
864
4008
13349
9126
17243
12069
8710
9586
6951
5869
6138
4755
2846
8455
5854
14028
6675
1873
2434
15179
26543
4261
7200
11423
4240
15954
16029
3760
9989
23545
6924
8505
12102
23219
11768
8922
1577
9147
4785
1423
5076
1418
8253
10436
4635
2579
17419
3948
22022
32184
6272
14741
5460
8141
9424
14190
15433
14679
11158
9129
2925
4806
15350
1278
6263
16752
7224
20065
21669
5045
8415
18173
7768
6031
21544
17918
15212
18675
3860
9259
18000
13876
2687
14173
21916
462
11216
15277
18573
14232
14188
6224
13002
13210
17027
14672
30080
7001
10051
2793
10019
10339
18820
7449
11870
11459
11909
15409
13292
12750
10682
1846
11597
16093
9071
7406
21454
8618
7927
5133
9682
4411
20357
16098
9090
7223
6813
12877
6914
4240
10724
1527
17126
20930
2581
19072
17095
3892
10285
2526
11668
18111
12489
4469
2503
35634
1385
16354
6362
11863
9661
3498
8848
15323
10507
255
18652
844
2347
2787
11385
1518
9188
22502
1331
10223
5015
1973
16006
2356
18678
18256
17411
14050
7113
7700
4078
5795
3039
11979
14089
1227
474
12434
12287
6361
4092
21753
8685
8316
8010
3258
4060
13070
10695
9738
9446
19727
9668
3444
2432
8100
10635
13612
12259
10156
17587
884
12950
8773
3228
11070
2634
9071
34943
16752
16024
15412
21719
14263
3324
2197
4805
16495
22140
20927
16729
4761
2756
18427
6355
2012
2994
6521
5255
12439
14346
1907
4635
10312
14515
13749
8441
923
7222
4125
2664
25535
12892
21224
19497
6984
15410
524
15566
2513
4439
38171
8858
5102
21801
4395
3870
952
9904
11421
14185
15921
138
5922
1978
11976
15478
6221
16584
15162
8382
23712
8645
2503
35568
12224
2410
17395
8717
9802
14225
8262
17396
8710
11604
4627
8596
9979
6877
9731
2328
11861
15046
11299
3788
1000
15107
8690
7091
1708
25731
2883
13152
32428
13760
5002
10885
11195
2601
2073
2526
6005
4637
8311
20333
1785
15455
2847
13513
5064
6422
1861
11940
3291
1522
10811
21808
18435
121
2223
9042
8962
4252
13109
18313
8430
4182
3368
19109
9663
21254
18712
10276
166
8051
3281
8852
18393
8457
22113
8428
2389
377
8262
19362
23382
550
12551
11495
4963
415
3576
19660
3199
12592
13613
11802
6002
19168
3745
5149
7618
5191
19359
9901
15307
6154
2886
16147
30616
7204
1222
8576
3951
8393
21178
34578
19882
2711
10615
1886
18901
12255
11924
21231
2219
13327
19582
6396
16429
19943
1583
14573
164
2886
8000
17817
11200
13152
12027
15663
11623
9814
16549
12102
16775
2268
20170
6402
12135
15683
19643
10300
11120
20982
4584
11106
18343
16540
14485
12855
6368
25636
8439
18129
7270
8282
6232
14038
2168
16574
6789
1652
28227
5020
7325
12775
2389
12312
1670
11210
12956
26614
17705
9037
1049
2025
10734
1678
14616
17672
12613
23354
16554
8389
3595
10720
7165
4762
22227
30365
5906
3433
8539
7027
13270
9342
27656
25655
13257
15520
12046
19689
12937
12875
22950
16679
10028
14051
16185
6751
10117
21775
12276
16762
10130
7811
25610
6868
9447
10166
10203
4229
19101
11244
1619
6113
16200
9928
25222
16308
1067
12899
9351
25592
1791
3186
3093
1973
6544
503
13534
4157
18144
20540
1404
1254
7201
3597
8444
4654
5257
9973
9468
9278
14791
3871
12674
7151
510
1290
23741
12290
6044
2757
10580
13853
21221
20149
15882
15885
13501
1669
5040
2958
6915
1974
2864
38075
11538
2361
9024
5805
7556
1448
5305
10097
11647
17422
11994
13243
653
19311
17779
5547
16526
1967
12064
10212
678
7970
13046
9362
24480
3803
377
14200
4022
385
18197
354
10106
6744
12468
9215
11196
23337
1212
12534
17353
1387
9563
9778
11857
2691
14344
1980
16074
13233
18690
14964
9491
12269
8549
7054
13425
15566
5300
10204
10183
22245
6585
1871
2241
8506
9253
7911
21350
18757
3504
17402
3908
18075
2488
23455
25417
25886
12611
11412
228
2746
6090
14861
5708
16966
8111
5330
12487
8945
238
14785
10721
1754
6185
16112
1090
1195
20045
9209
11715
2525
13211
35139
8190
3784
1603
1541
7660
17895
11987
15707
16991
15060
370
11487
2474
3182
5562
11292
2409
10608
12518
21786
14410
7908
11697
2010
3925
17538
17643
22471
12977
7024
18083
14531
9575
13712
11073
4841
6664
962
18278
11618
8870
1654
1057
728
10021
11385
14365
6637
14506
3591
7996
6027
2909
21955
6652
3289
8159
11853
35864
13270
10494
35486
25555
14150
5101
20983
4989
7290
12784
2013
8200
7234
29322
3658
22299
978
9053
15380
11155
14966
8829
3700
12681
5075
9607
14074
1865
329
20792
2708
5794
7885
11458
15458
15757
6924
8383
21569
2590
14487
9473
15549
22605
15383
15145
9025
6251
11180
6760
3516
17795
9462
15205
3296
4661
14867
15078
5483
9035
17557
13256
8376
17413
22462
13269
10367
5035
5119
4354
2981
3464
3649
513
13524
22902
6895
5832
228
14939
3784
16711
17950
8778
22533
13111
1711
3880
10482
14364
11862
2973
12546
22886
3070
11967
2449
13115
11174
11240
13973
17364
12069
15691
7851
9366
2217
22795
3597
13169
29047
2682
18707
11656
15941
13689
7743
13434
9667
25203
21836
15091
25771
5021
578
18888
3123
583
7316
10198
4931
5872
12404
2784
10043
607
12689
8811
5496
20810
13705
4207
1311
2845
13267
7823
8359
8326
23002
6945
16774
585
8939
497
10723
18164
7906
14856
11019
6373
6059
2954
153
20186
518
1533
14236
2112
9327
4030
25779
26267
12496
10511
22603
11209
13518
4219
1427
6236
16964
11771
23116
13729
7777
2134
3190
15542
14356
17464
12966
2686
13267
1915
10253
13338
302
8589
10343
2038
7614
13696
15493
3549
9587
5365
9028
2345
9304
1488
13910
5755
356
21655
19682
19455
15126
4461
16959
19624
3914
1124
13128
11817
12785
3727
19210
16147
5784
6927
17773
1866
7945
18620
23885
1184
14043
13915
8020
8802
14293
2034
15415
3491
8028
13992
11475
4273
7058
8596
11958
14228
13884
9657
6451
36781
1589
18905
4424
13963
15712
7690
1325
2412
10213
21574
14820
16459
3904
13991
6234
9910
2694
13952
14584
767
13666
1661
9151
2850
11039
11698
11403
20673
17215
8824
10253
8213
6974
12818
11614
613
35005
185
9229
11139
15001
4083
13766
12661
12742
27701
6337
3214
9647
7913
7029
13080
9586
4624
4900
546
5258
10554
21754
8861
5388
18204
9215
2688
1972
18431
13003
11748
18157
12112
18438
3381
12893
2953
6154
14139
9337
8493
23407
10396
8288
13900
10689
13534
7150
11445
372
11553
8341
13279
17823
1682
5168
7591
1020
6654
6404
6384
23421
14192
15338
8266
13107
19041
13184
8758
7941
13168
21732
18903
4684
7532
2206
6926
2523
4689
9456
764
11866
7203
3241
4419
28389
9872
8414
2471
15811
9742
16120
2939
12522
5541
11349
4347
3276
15347
7233
9087
4776
7115
6182
3435
6955
16913
12864
25899
14486
15154
4717
11177
12626
10581
10627
17135
446
3200
10515
12802
1023
12126
3712
3696
917
140
12862
15397
4484
4316
19100
3670
9029
13153
2291
9074
6710
16558
9904
7426
15836
24298
8627
18569
15870
2654
11378
3861
12493
594
8688
7673
2470
13671
606
3107
37197
8710
14672
4720
22836
2202
16226
9623
26153
1360
4007
9405
8283
14698
15864
361
721
19925
2088
7787
2837
21217
12998
23541
50
4035
3300
6762
11362
13959
9793
3741
3886
10233
25945
17486
3564
2950
13914
156
910
10619
17693
11027
11511
11826
4606
16633
7159
1489
8198
22651
15744
3843
13073
6532
22605
17725
283
13780
4043
10327
1610
9334
1626
17475
11269
5081
4090
4238
4502
15489
11952
1166
1877
13895
17025
14220
8530
8005
15567
8753
37907
1673
3352
9594
8541
4513
4921
3690
16931
12418
9171
7881
16422
14271
19844
9237
4048
6036
3322
335
10615
28494
5219
13495
9209
2837
8843
17680
10180
10147
21618
18904
13642
3923
18026
18522
16646
13212
3559
2383
16576
2908
1590
4329
10508
16647
22288
16818
12927
8933
532
9433
22699
1891
6806
13856
25958
8128
4704
19237
11987
4422
5164
6297
5760
10917
23377
2398
23324
13959
19168
3173
914
8920
17263
15875
12700
10379
13194
1870
10904
5689
3944
22244
514
6903
15640
13296
2039
10271
2733
14451
35075
1008
3530
29707
1464
9758
15548
7924
8498
1114
7553
14798
1561
25281
2904
1217
1280
2305
12752
10025
1311
4088
1171
18009
4240
12121
3173
27495
10608
4475
1754
3733
7386
10603
2272
17357
18029
10056
9020
18247
9293
7936
455
2021
10116
2784
9494
846
6745
9046
15482
20114
12870
25756
2541
2884
12493
956
17464
8057
14979
15617
5633
9846
7756
15191
13581
11341
1854
6526
5782
19516
15095
18421
482
10734
8698
7918
3591
1096
10051
11730
9673
13253
3435
14691
4854
14921
11294
14414
6183
15130
8865
12969
2864
10017
11899
12585
1974
4203
11542
2772
5589
1969
5098
293
10731
16414
1988
18416
2661
25192
14868
11658
9933
19998
9189
4152
5179
753
6168
14854
15150
9457
8743
6975
1337
24665
8905
2959
4061
7175
945
20018
3649
12040
11156
2245
10272
7106
11720
24541
859
6639
18263
4767
15469
17992
1908
17252
9858
15401
6818
16827
16072
12504
8989
12574
15695
12812
12477
4083
17867
7019
17561
7452
15010
1343
11176
24263
24528
16666
6827
11082
9745
4046
4062
501
14993
23640
8440
754
12055
7976
3404
12594
784
7694
8474
6355
14644
18534
2333
35042
33162
11594
16439
1459
1549
16661
1960
25447
20930
6248
1785
20861
13902
16867
6751
13472
6566
2390
9282
14576
13199
11610
8168
18657
15871
14529
6265
6793
1183
1689
11307
13605
10584
8410
10697
20817
3718
15240
14255
19248
1156
4921
19517
11508
3009
4148
7123
14338
24323
20005
16977
5418
9118
13230
7698
19511
21492
7987
8550
13658
120
6698
8490
12724
20424
15541
16512
3463
12086
3919
3022
11838
7541
5501
8615
7850
14990
16753
9735
22002
42431
16446
6208
2179
1929
4346
14069
15331
13295
9265
9565
23215
1649
17902
11815
1179
8380
12000
20591
6326
742
2508
801
12303
8647
9218
8995
1576
12814
12816
13663
18995
13617
12744
1024
4225
2033
17148
10275
6715
2709
7194
10712
3775
17745
2751
13454
15924
3945
4199
112
3535
285
17402
8170
20806
4364
13158
3973
15599
9378
24111
19287
3026
17096
7385
19978
7306
10055
3308
13390
230
17944
7358
14845
2619
4529
8552
9506
14597
6423
170
7620
4801
1409
7724
8107
16866
1123
9259
1726
12451
10123
5479
16498
11495
2966
20346
1592
22886
10409
1685
3700
17483
12461
23975
22883
22314
12159
8424
22014
281
10243
14697
6429
11423
7441
21999
10637
31842
6435
428
12759
3419
9030
10433
9779
7860
8440
1409
1922
1407
15026
350
6446
5726
19844
21168
6148
2635
2913
18048
86
2490
12867
7493
13769
12919
14970
9048
13861
10717
8378
9286
19701
10760
23964
13499
250
13536
8185
14817
14094
15851
11192
12251
1538
3076
11976
10075
4200
12268
8924
4956
2087
16641
6899
7158
14033
11792
21326
7115
14437
10447
23238
15517
21896
2258
3217
15232
7322
9151
13066
9370
18162
23714
18102
20028
13127
7527
2446
7767
1468
11629
15308
3836
27481
21691
5200
1858
4734
13933
537
3451
10091
12108
23464
21485
2464
26538
13317
19437
3191
12881
18906
6528
1448
7005
4707
9126
11379
13287
2299
19060
514
15757
770
6233
13349
34844
13308
10733
5558
12701
196
17940
9160
13429
3725
7364
15509
10429
1807
2118
16044
23172
19056
13440
1751
335
5683
2247
12582
17423
19697
4864
12947
9220
8660
615
4703
12489
12956
992
2727
7214
2965
12410
5241
1865
12575
13947
20688
2243
20045
15053
8002
12397
21275
9178
16984
12644
4938
9462
1282
9797
4413
14248
23722
1673
17633
16771
4202
10696
31070
11210
14081
10623
15226
6417
12561
10795
1775
8531
1564
8316
8624
1198
4201
8290
31472
500
4613
13295
9565
14227
1144
15728
4056
17582
3178
12089
15008
5560
3077
28320
14590
14549
12312
12466
3061
8644
15091
24518
8281
1085
20729
14862
2390
3447
320
8106
7909
22928
2100
2497
5622
11026
15339
4800
2990
1992
1336
951
10188
8871
13035
8912
9684
18040
3195
11037
10393
1414
9229
4352
5618
17098
7319
14505
3951
4701
14427
16079
17726
4574
2089
7914
5077
18140
17113
12771
10145
10355
10381
22343
2465
15524
12978
9837
5721
7695
2508
14629
2993
438
11020
9078